97503.95,218025.47,1.2657983E-4,3.219139E-5,2.3357946E-4,1.4503424E-4,413.32495,24.698177,659.42554,471.8283
101573.1,227124.36,6.245228E-5,3.854737E-5,9.324794E-5,4.229177E-5,106.59094,30.805843,269.28424,195.07047
110461.7,246999.88,5.4693388E-5,3.134094E-5,8.056769E-5,3.5340297E-5,162.28711,42.107006,324.91385,243.84335
94413.25,211114.45,4.3639542E-5,3.0019257E-5,6.7705805E-5,3.0007777E-5,107.09178,37.85499,299.548,222.41493
80391.5,179760.86,5.3983083E-5,6.9788057E-6,1.1266406E-4,7.564507E-5,81.716324,35.35534,148.71785,96.243286
92314.95,206422.52,8.6808635E-5,1.1773737E-5,1.7210221E-4,1.155702E-4,282.3847,65.62012,550.14545,347.3061
92805.5,207519.4,5.8682148E-5,1.6441965E-5,8.69294E-5,5.587417E-5,122.52261,30.413813,342.9825,255.5853
82347.85,184135.4,1.693425E-4,1.9931784E-5,3.2283788E-4,2.4553522E-4,304.16995,16.0,434.66425,338.43988
89348.4,199789.1,1.1026653E-4,4.0208133E-6,1.8767535E-4,1.3310128E-4,142.73676,38.118237,179.10052,120.81749
80202.1,179337.36,6.390718E-5,2.6347443E-5,1.00047706E-4,6.210606E-5,104.78515,75.23962,124.40257,39.941063
94949.9,212314.44,1.3550898E-4,2.9033856E-5,2.6408336E-4,2.1155785E-4,287.54532,73.24616,485.13608,291.9021
102180.05,228481.53,8.368538E-5,2.7492284E-5,1.4681104E-4,8.755235E-5,80.71637,44.14748,136.07718,68.01081
106322.15,237743.55,1.0297867E-4,1.4428982E-5,2.0208253E-4,1.7023363E-4,238.64984,170.23807,345.47504,131.43459
97111.15,217147.14,7.214916E-5,3.269963E-5,1.1172263E-4,6.3374246E-5,127.05975,46.09772,319.12692,223.34116
109928.3,245807.16,7.743753E-5,7.336278E-6,1.2890667E-4,1.0304613E-4,182.30443,115.52489,266.0169,107.86276
100402.35,224506.48,8.0537604E-5,5.1250583E-5,1.5423771E-4,8.532322E-5,260.8402,31.575306,469.61792,341.74774
93120.75,208224.33,8.6624364E-5,4.4218592E-5,1.1198015E-4,5.4950317E-5,138.0597,42.0,271.0461,196.70811
88091.75,196979.14,8.457494E-5,6.361354E-5,1.2658215E-4,4.9348826E-5,129.00471,33.24154,372.69962,282.6502
91328.15,204215.95,6.0981118E-5,3.0979143E-5,1.16333234E-4,6.861151E-5,46.411118,35.69314,73.34848,31.17743
110454.9,246984.66,8.6141394E-5,4.5383615E-5,1.6383876E-4,9.474375E-5,112.37411,22.090721,339.0944,262.44855
75476.7,168771.05,6.809883E-5,1.7051854E-5,1.4738554E-4,1.0133171E-4,113.378525,36.013885,222.82953,157.48727
78837.0,176284.89,7.4804295E-5,2.4060091E-5,1.2325727E-4,7.4271426E-5,149.29695,85.23497,228.39659,105.72931
86162.8,192665.86,8.963329E-5,1.6540433E-5,1.6083167E-4,1.1344956E-4,89.264084,26.019224,168.2409,112.11465
83732.1,187230.67,7.608785E-5,3.9669165E-5,1.5104612E-4,8.82644E-5,165.98192,37.12142,422.40384,307.45572
75068.5,167858.27,1.0291219E-4,2.7158758E-5,2.195353E-4,1.5206248E-4,148.0694,79.025314,263.6968,138.72214
79737.55,178298.56,1.5707185E-4,7.303036E-5,2.9797349E-4,1.8335061E-4,218.28043,38.63936,409.76578,342.01843
81431.1,182085.48,8.926063E-5,3.1871823E-5,1.4107181E-4,8.43667E-5,201.5672,38.118237,420.01904,275.92325
94063.85,210333.17,8.583965E-5,1.51369995E-5,1.987671E-4,1.4709379E-4,188.05238,85.883644,239.53497,123.78695
76151.8,170280.6,7.553577E-5,1.9670868E-5,1.18483316E-4,8.0631944E-5,102.39493,31.400637,178.0028,106.17021
72079.45,161174.56,9.5071766E-5,6.4361366E-6,1.8590568E-4,1.5713631E-4,164.68341,85.47514,226.04866,118.201096
81348.05,181899.75,1.8266519E-4,1.543706E-5,3.3177534E-4,2.701845E-4,289.1,45.122055,423.04254,308.46518
90516.5,202401.05,7.6452496E-5,3.1147483E-5,1.815986E-4,1.2232758E-4,174.03241,78.77182,259.50916,135.73462
77226.65,172684.05,1.04402665E-4,2.921689E-5,2.6626975E-4,1.9286948E-4,180.48581,46.043457,296.0152,180.39264
84298.7,188497.64,9.0644426E-5,3.6020843E-5,1.5134968E-4,8.9376415E-5,176.50198,99.12618,231.21635,103.69283
101891.85,227837.11,1.2237353E-4,2.0278268E-5,1.7675401E-4,1.2192482E-4,194.02242,139.0863,264.91507,101.346985
77929.75,174256.2,1.717991E-4,4.3608958E-5,3.2399918E-4,2.1406499E-4,242.5665,98.600204,333.62405,174.92563
85706.9,191646.45,1.9089415E-4,3.71277E-5,3.268887E-4,2.1372776E-4,328.44357,196.62146,490.11224,255.70154
75921.2,169764.97,1.3929053E-4,1.7618355E-5,2.200895E-4,1.491145E-4,295.05847,112.79185,507.29282,339.4142
89464.5,200048.7,1.08373904E-4,2.1558708E-5,2.9596587E-4,2.1864506E-4,276.0055,46.09772,463.77795,336.63162
82507.0,184491.27,4.5657598E-5,3.5138296E-6,9.004558E-5,6.937718E-5,47.714733,24.04163,72.02777,36.71808
73412.75,164155.9,9.211668E-5,1.6103695E-5,1.519767E-4,9.743215E-5,127.8779,34.36568,215.80779,136.64543
106279.1,237647.3,3.9257673E-5,1.4173434E-5,8.345167E-5,5.2750525E-5,88.325584,29.15476,169.01184,112.36711
90468.4,202293.48,1.6403804E-4,4.656873E-5,2.7715566E-4,2.0690833E-4,252.76495,225.39964,276.05252,44.345154
92782.35,207467.64,1.4202739E-4,3.7384012E-5,2.715931E-4,1.6779757E-4,128.78719,35.44009,228.05482,137.36975
102294.05,228736.44,1.7661924E-4,1.0637921E-4,2.661318E-4,1.2232365E-4,150.6075,86.034874,234.64441,116.415344
89404.8,199915.2,1.7525043E-4,9.0900314E-5,2.3616433E-4,1.0942212E-4,154.05199,78.05767,224.08034,112.29848
